name: cmaf-pensieve
channels:
  - conda-forge
  - defaults
dependencies:
  - easyprocess=0.2.3=py36_0
  - pyvirtualdisplay=0.2.1=py36_0
  - _tflow_180_select=3.0=eigen
  - absl-py=0.2.2=py36_0
  - astor=0.6.2=py36_1
  - astroid=1.6.5=py36_0
  - blas=1.0=mkl
  - bleach=1.5.0=py36_0
  - ca-certificates=2018.03.07=0
  - certifi=2018.8.24=py36_1
  - cycler=0.10.0=py36_0
  - dbus=1.13.2=h714fa37_1
  - expat=2.2.5=he0dffb1_0
  - fontconfig=2.13.0=h9420a91_0
  - freetype=2.9.1=h8a8886c_0
  - gast=0.2.0=py36_0
  - glib=2.56.1=h000015b_0
  - grpcio=1.12.1=py36hdbcaa40_0
  - gst-plugins-base=1.14.0=hbbd80ab_1
  - gstreamer=1.14.0=hb453b48_1
  - h5py=2.8.0=py36h8d01980_0
  - hdf5=1.10.2=hba1933b_1
  - html5lib=0.9999999=py36_0
  - icu=58.2=h9c2bf20_1
  - intel-openmp=2018.0.3=0
  - isort=4.3.4=py36_0
  - jpeg=9b=h024ee3a_2
  - kiwisolver=1.0.1=py36hf484d3e_0
  - lazy-object-proxy=1.3.1=py36h14c3975_2
  - libedit=3.1.20170329=h6b74fdf_2
  - libffi=3.2.1=hd88cf55_4
  - libgcc-ng=7.2.0=hdf63c60_3
  - libgfortran-ng=7.2.0=hdf63c60_3
  - libpng=1.6.34=hb9fc6fc_0
  - libprotobuf=3.5.2=h6f1eeef_0
  - libstdcxx-ng=7.2.0=hdf63c60_3
  - libtiff=4.0.9=he85c1e1_1
  - libuuid=1.0.3=h1bed415_2
  - libxcb=1.13=h1bed415_1
  - libxml2=2.9.8=h26e45fe_1
  - markdown=2.6.11=py36_0
  - matplotlib=2.2.2=py36hb69df0a_2
  - mccabe=0.6.1=py36_1
  - mkl=2018.0.3=1
  - mkl_fft=1.0.2=py36h651fb7a_0
  - mkl_random=1.0.1=py36h4414c95_1
  - ncurses=6.1=hf484d3e_0
  - numpy=1.14.5=py36h1b885b7_4
  - numpy-base=1.14.5=py36hdbf6ddf_4
  - olefile=0.45.1=py36_0
  - openssl=1.0.2p=h14c3975_0
  - pcre=8.42=h439df22_0
  - pillow=5.1.0=py36heded4f4_0
  - pip=10.0.1=py36_0
  - protobuf=3.5.2=py36hf484d3e_1
  - pylint=1.9.2=py36_0
  - pyparsing=2.2.0=py36_1
  - pyqt=5.9.2=py36h22d08a2_0
  - python=3.6.6=hc3d631a_0
  - python-dateutil=2.7.3=py36_0
  - pytz=2018.5=py36_0
  - qt=5.9.6=h52aff34_0
  - readline=7.0=ha6073c6_4
  - scipy=1.1.0=py36hc49cb51_0
  - setuptools=39.2.0=py36_0
  - sip=4.19.8=py36hf484d3e_0
  - six=1.11.0=py36_1
  - sqlite=3.24.0=h84994c4_0
  - termcolor=1.1.0=py36_1
  - tk=8.6.7=hc745277_3
  - tornado=5.0.2=py36h14c3975_0
  - werkzeug=0.14.1=py36_0
  - wheel=0.31.1=py36_0
  - wrapt=1.10.11=py36h14c3975_2
  - xz=5.2.4=h14c3975_4
  - zlib=1.2.11=ha838bed_2
  - pip:
    - keras==2.2.2
    - keras-applications==1.0.4
    - keras-preprocessing==1.0.2
    - pyyaml==3.13
    - tensorboard==1.10.0
    - tensorflow==1.10.1
    - tensorflow-hub==0.1.1
    - tensorflowjs==0.6.0
    - tflearn==0.3.2
prefix: /home/byuan/anaconda2/envs/cmaf-pensieve

